<?xml version="1.0" encoding="UTF-8" standalone="no"?>
<!DOCTYPE svg PUBLIC "-//W3C//DTD SVG 20010904//EN"
              "http://www.w3.org/TR/2001/REC-SVG-20010904/DTD/svg10.dtd">

<svg xmlns="http://www.w3.org/2000/svg"
     width="0.977778in" height="1.16667in"
     viewBox="0 0 88 105">
  <path id="Imported Path"
        fill="none" stroke="black" stroke-width="1"
        d="M 81.21,74.50
           C 74.93,80.00 73.79,93.12 79.58,92.25
             84.10,91.62 90.14,71.12 85.74,71.25
             85.23,71.25 83.22,72.75 81.21,74.50 Z
           M 19.49,1.12
           C 14.83,2.00 10.06,5.12 10.06,7.12
             10.06,8.00 8.55,10.25 6.79,12.13
             1.76,17.50 0.25,21.25 0.13,29.12
             0.13,36.75 2.14,41.25 8.17,46.50
             10.94,48.87 17.47,49.25 23.01,47.25
             25.65,46.25 26.90,46.37 28.66,47.88
             29.79,49.00 31.30,50.00 32.06,50.25
             32.69,50.50 33.06,51.88 32.94,53.25
             32.69,54.75 33.69,58.12 35.07,60.87
             36.58,63.50 37.71,67.12 37.59,68.75
             37.59,70.50 37.46,74.38 37.46,77.50
             37.34,82.62 38.47,87.75 42.99,100.25
             44.50,104.75 44.88,105.00 50.41,105.00
             55.31,105.00 56.70,104.38 59.97,100.88
             62.10,98.50 64.24,95.38 64.74,94.00
             65.12,92.50 66.13,91.25 66.75,91.25
             67.38,91.25 67.89,89.62 67.89,87.50
             67.89,84.88 69.02,82.75 71.66,80.38
             75.55,77.00 76.31,73.00 74.30,66.25
             73.04,62.38 75.05,58.12 80.33,53.12
             85.11,48.75 88.00,43.25 88.00,39.00
             88.00,36.25 87.62,36.00 83.98,36.50
             77.69,37.50 73.04,31.50 64.62,11.50
             63.11,8.25 62.10,7.50 59.09,7.50
             57.07,7.50 54.06,6.88 52.30,6.12
             49.78,5.00 48.65,5.00 47.27,6.12
             44.50,8.50 36.46,5.37 37.09,2.25
             37.46,0.25 36.71,0.00 30.42,0.12
             26.53,0.25 21.62,0.62 19.49,1.12 Z" />
</svg>
