<?xml version="1.0" encoding="UTF-8" standalone="no"?>
<!DOCTYPE svg PUBLIC "-//W3C//DTD SVG 20010904//EN"
              "http://www.w3.org/TR/2001/REC-SVG-20010904/DTD/svg10.dtd">

<svg xmlns="http://www.w3.org/2000/svg"
     width="11.9444in" height="9.58889in"
     viewBox="0 0 1075 863">
  <path id="Imported Path"
        fill="none" stroke="black" stroke-width="1"
        d="M 865.62,438.25
           C 859.50,444.63 847.62,454.64 839.38,460.77
             831.13,466.90 818.63,476.15 811.63,481.40
             804.50,486.66 798.75,491.28 798.75,491.78
             798.75,493.04 813.25,497.54 826.25,500.16
             832.75,501.54 848.88,504.17 861.88,505.92
             887.25,509.42 904.00,512.80 914.75,516.80
             919.88,518.68 921.75,520.18 923.63,523.80
             928.63,533.56 937.75,538.44 954.62,540.44
             968.25,541.94 981.00,543.82 984.62,544.82
             987.00,545.44 987.50,544.82 988.75,540.44
             988.75,540.44 990.12,535.31 990.12,535.31
             990.12,535.31 997.25,535.56 997.25,535.56
             1005.50,535.81 1007.50,535.06 1007.50,531.18
             1007.62,527.06 1011.63,519.05 1016.75,513.05
             1021.88,506.79 1022.12,505.67 1018.88,499.29
             1012.00,485.91 997.25,480.03 980.88,484.03
             980.88,484.03 975.62,485.41 975.62,485.41
             975.62,485.41 968.50,478.65 968.50,478.65
             960.12,470.65 947.88,464.14 921.88,453.51
             900.88,444.88 891.38,439.75 882.62,432.00
             882.62,432.00 876.88,427.00 876.88,427.00
             876.88,427.00 865.62,438.25 865.62,438.25 Z
           M 715.00,76.29
           C 715.00,76.92 716.00,79.42 717.12,81.92
             720.25,88.43 718.50,89.18 707.12,86.93
             701.88,85.80 695.50,85.05 692.88,85.30
             692.88,85.30 688.12,85.67 688.12,85.67
             688.12,85.67 693.38,88.55 693.38,88.55
             699.13,91.55 703.62,97.06 701.75,98.68
             701.12,99.18 698.12,100.31 695.00,101.18
             688.75,102.93 681.25,107.19 681.25,108.94
             681.25,109.56 683.00,110.06 685.12,110.06
             687.38,110.06 691.12,111.31 693.62,112.82
             693.62,112.82 698.12,115.69 698.12,115.69
             698.12,115.69 694.38,115.94 694.38,115.94
             692.38,116.19 677.12,116.82 660.62,117.57
             627.88,118.94 617.12,120.57 602.62,126.57
             596.00,129.32 591.25,132.45 585.75,137.83
             585.75,137.83 578.12,145.08 578.12,145.08
             578.12,145.08 584.62,144.33 584.62,144.33
             596.75,142.83 596.75,144.71 584.38,151.21
             578.25,154.46 568.62,159.84 563.00,163.09
             550.25,170.47 540.62,173.85 532.50,173.85
             529.00,173.85 526.25,174.48 526.25,175.10
             526.25,176.60 530.50,180.73 535.12,183.98
             535.12,183.98 538.00,185.98 538.00,185.98
             538.00,185.98 533.00,190.49 533.00,190.49
             528.12,194.74 522.50,203.74 520.62,209.87
             519.75,212.75 519.88,212.75 523.38,211.00
             530.88,206.99 537.62,208.25 540.00,213.87
             541.38,217.25 541.25,218.00 537.00,223.63
             534.62,227.01 523.12,238.76 511.38,249.89
             488.88,271.53 483.63,278.16 479.88,290.29
             476.62,300.80 476.62,301.55 481.13,299.80
             483.75,298.80 485.62,298.92 488.63,300.05
             492.00,301.55 492.50,302.30 492.50,306.43
             492.50,311.56 489.88,314.81 480.00,321.94
             473.25,326.69 472.62,330.32 478.12,331.69
             480.25,332.19 484.38,333.32 487.25,333.94
             487.25,333.94 492.75,335.32 492.75,335.32
             492.75,335.32 485.38,343.07 485.38,343.07
             475.88,352.95 472.50,357.96 460.00,380.85
             438.88,419.62 428.63,428.62 376.88,454.01
             344.38,469.90 332.75,477.40 319.62,490.66
             319.62,490.66 310.00,500.54 310.00,500.54
             310.00,500.54 291.75,496.16 291.75,496.16
             270.00,490.78 259.88,486.28 251.12,478.15
             238.50,466.40 232.50,455.26 219.38,419.62
             203.75,376.72 194.75,364.21 170.88,351.95
             156.88,344.82 148.75,339.32 148.75,337.20
             148.75,336.32 147.88,332.69 146.75,329.07
             144.38,320.81 136.62,312.06 128.12,308.18
             121.25,304.93 109.13,304.18 102.88,306.55
             102.88,306.55 99.38,307.93 99.38,307.93
             99.38,307.93 105.00,309.55 105.00,309.55
             113.62,311.93 116.63,313.31 120.38,317.06
             125.38,322.06 124.62,324.69 119.38,320.94
             110.88,314.93 87.50,313.18 77.50,317.81
             77.50,317.81 71.88,320.44 71.88,320.44
             71.88,320.44 77.75,323.44 77.75,323.44
             81.00,325.06 89.75,332.32 97.25,339.45
             104.75,346.58 112.63,353.33 114.88,354.46
             121.38,357.96 129.75,358.33 137.75,355.58
             144.12,353.33 145.25,353.33 149.62,354.96
             155.88,357.46 165.50,364.21 170.38,369.84
             181.25,381.97 186.50,394.10 197.00,430.62
             208.50,471.02 213.25,481.28 226.75,494.66
             238.25,506.04 248.00,510.92 277.88,520.18
             290.88,524.30 301.62,527.81 301.88,528.06
             302.25,528.31 301.62,532.56 300.62,537.31
             299.62,542.06 297.88,560.95 296.88,579.34
             295.88,597.72 294.12,616.86 293.25,621.86
             288.88,644.12 282.12,655.88 268.62,664.76
             263.00,668.51 259.25,672.01 257.88,674.64
             256.00,678.64 256.12,679.14 259.50,687.40
             259.50,687.40 263.12,696.03 263.12,696.03
             263.12,696.03 263.12,736.68 263.12,736.68
             263.12,775.70 263.25,777.58 265.88,783.20
             269.38,790.96 273.25,791.83 288.88,787.96
             296.00,786.21 302.12,785.33 305.75,785.83
             311.12,786.33 311.25,786.33 311.25,782.58
             311.25,779.70 312.75,777.33 318.12,772.20
             323.88,766.57 325.00,764.82 325.00,761.07
             325.00,755.06 321.88,752.44 311.75,749.93
             307.00,748.81 302.38,747.31 301.38,746.81
             299.38,745.43 297.62,731.80 297.50,715.91
             297.50,715.91 297.50,703.41 297.50,703.41
             297.50,703.41 302.12,697.90 302.12,697.90
             312.25,686.02 320.12,681.02 343.50,671.76
             378.88,657.63 388.75,649.13 401.50,621.86
             416.88,588.84 421.62,579.59 428.25,569.58
             438.00,554.70 454.12,538.69 466.62,531.68
             472.00,528.68 476.62,526.56 477.00,526.81
             477.25,527.18 471.62,533.31 464.50,540.31
             452.62,552.07 447.50,558.70 447.50,562.70
             447.50,563.45 451.25,560.95 455.88,557.07
             471.13,544.07 489.75,533.56 514.25,523.93
             528.12,518.43 561.25,508.67 562.38,509.67
             563.88,511.30 558.25,514.30 541.25,520.93
             496.75,538.44 458.88,562.70 438.63,586.71
             430.38,596.60 430.38,596.22 437.38,599.10
             445.12,602.47 448.63,606.23 449.63,612.10
             450.50,617.98 448.00,624.74 438.75,640.62
             430.38,655.00 427.38,663.76 430.12,665.51
             436.88,669.89 453.38,670.39 477.50,667.26
             499.00,664.38 506.50,665.26 515.75,671.89
             525.12,678.64 529.75,679.14 546.38,674.77
             556.38,672.14 561.00,671.51 566.50,672.14
             573.00,672.76 573.62,672.64 574.50,670.01
             574.88,668.51 579.12,663.26 583.88,658.38
             588.62,653.38 592.50,648.63 592.50,647.63
             592.50,644.37 585.38,635.87 580.88,633.74
             575.25,630.99 561.62,630.99 544.88,633.62
             527.88,636.37 511.38,635.62 504.00,631.74
             501.00,630.24 498.38,628.24 498.00,627.24
             497.13,624.99 509.50,609.60 519.62,600.22
             529.25,591.34 538.00,586.84 559.50,579.84
             569.12,576.58 580.12,572.21 583.88,569.96
             596.25,562.58 600.62,549.32 599.88,522.05
             599.88,522.05 599.38,506.79 599.38,506.79
             599.38,506.79 609.38,506.04 609.38,506.04
             638.25,503.67 672.88,491.28 689.50,477.53
             689.50,477.53 695.12,472.90 695.12,472.90
             695.12,472.90 690.50,470.90 690.50,470.90
             679.00,466.15 660.12,462.89 627.12,460.14
             600.38,457.89 605.25,456.26 640.25,455.51
             674.62,454.89 690.62,456.64 711.12,463.52
             727.12,468.77 737.12,474.78 746.63,484.41
             746.63,484.41 753.88,491.66 753.88,491.66
             753.88,491.66 760.38,489.53 760.38,489.53
             789.62,480.03 828.00,455.14 858.12,426.12
             874.00,410.86 878.88,404.86 892.38,383.97
             901.75,369.46 908.75,362.21 915.50,360.33
             921.13,358.83 925.50,360.08 934.00,365.21
             942.50,370.46 946.13,370.84 965.25,368.96
             976.88,367.71 983.63,367.59 989.00,368.46
             997.38,369.96 996.25,370.59 1004.13,358.33
             1006.38,354.83 1010.12,350.83 1012.62,349.20
             1017.00,346.33 1017.00,346.33 1015.88,340.45
             1014.75,335.19 1015.00,333.82 1018.00,328.07
             1022.00,320.06 1022.00,318.81 1018.38,315.43
             1014.00,311.31 1007.75,309.18 995.50,307.68
             979.50,305.68 972.62,304.05 966.13,300.55
             960.62,297.67 960.12,297.55 956.13,299.42
             953.75,300.55 949.13,303.30 945.75,305.80
             942.50,308.18 938.63,310.18 937.12,310.18
             935.75,310.18 930.88,308.68 926.38,306.80
             919.50,303.93 916.25,303.43 906.88,303.43
             900.12,303.43 894.50,303.93 892.88,304.93
             890.12,306.43 890.00,306.30 890.00,301.05
             890.00,298.05 889.13,292.79 888.12,289.42
             887.12,286.04 886.25,282.04 886.25,280.54
             886.25,277.91 886.00,278.04 880.00,282.04
             863.88,292.92 850.00,285.92 850.00,266.78
             850.00,262.78 850.50,258.90 851.00,258.27
             851.50,257.52 857.00,255.27 863.12,253.40
             876.00,249.39 891.88,247.77 896.25,250.14
             898.88,251.52 899.00,252.15 898.25,259.15
             897.75,263.15 897.00,267.40 896.63,268.41
             896.13,269.91 896.63,270.03 899.50,268.91
             906.88,266.15 912.50,258.77 920.62,241.89
             925.88,231.01 930.00,224.13 933.25,220.88
             933.25,220.88 938.12,216.13 938.12,216.13
             938.12,216.13 933.12,211.75 933.12,211.75
             930.38,209.37 917.50,202.12 904.38,195.74
             876.00,181.61 869.62,176.73 863.00,163.34
             863.00,163.34 858.50,154.09 858.50,154.09
             858.50,154.09 841.13,145.83 841.13,145.83
             825.12,138.21 823.75,137.33 823.63,134.08
             823.63,132.20 822.88,128.82 822.00,126.57
             820.25,121.57 816.38,119.69 780.62,106.94
             753.62,97.31 732.50,87.55 722.62,80.17
             715.12,74.54 715.00,74.54 715.00,76.29 Z
           M 847.00,181.61
           C 852.75,183.11 857.50,184.98 857.50,185.73
             857.50,186.48 856.13,188.98 854.38,191.36
             852.62,193.74 851.25,196.36 851.25,197.24
             851.25,199.62 850.75,199.49 840.75,192.49
             834.00,187.73 830.12,185.98 825.75,185.48
             822.62,185.11 820.00,184.36 820.00,183.86
             820.00,182.11 828.00,178.85 832.38,178.85
             834.62,178.85 841.25,180.10 847.00,181.61 Z
           M 670.00,227.63
           C 675.88,228.38 685.12,230.13 690.62,231.51
             703.50,234.89 726.38,246.02 734.13,252.65
             739.75,257.65 747.25,268.28 745.88,269.66
             745.62,270.03 741.50,267.40 736.88,263.90
             705.88,240.51 659.00,232.63 621.25,244.64
             616.12,246.27 611.75,247.27 611.38,246.89
             610.38,246.02 617.88,238.89 623.12,235.64
             630.25,231.51 638.12,228.88 646.88,227.76
             657.75,226.26 658.38,226.26 670.00,227.63 Z
           M 696.88,271.16
           C 696.88,271.16 705.62,273.28 705.62,273.28
             705.62,273.28 692.50,274.03 692.50,274.03
             668.25,275.53 652.25,281.29 618.88,300.42
             600.88,310.81 582.00,319.81 573.12,322.06
             556.38,326.56 535.25,325.31 521.62,319.31
             521.62,319.31 516.88,317.06 516.88,317.06
             516.88,317.06 521.88,316.81 521.88,316.81
             546.62,315.18 563.38,309.80 602.50,290.79
             632.62,276.29 647.00,270.91 661.25,268.91
             671.38,267.53 685.38,268.41 696.88,271.16 Z
           M 742.38,305.68
           C 762.50,311.31 776.50,324.19 779.75,339.82
             780.62,344.32 781.00,344.57 785.88,344.95
             795.88,345.70 799.75,341.95 810.25,321.56
             816.50,309.43 820.00,306.30 828.38,305.55
             833.38,305.05 836.88,305.93 849.75,310.93
             858.12,314.18 865.00,317.31 865.00,317.81
             865.00,319.18 850.12,330.57 841.63,335.69
             837.38,338.20 829.13,342.45 823.25,345.20
             812.25,350.33 777.38,363.09 770.38,364.59
             770.38,364.59 766.38,365.34 766.38,365.34
             766.38,365.34 767.12,356.83 767.12,356.83
             769.00,334.82 757.62,321.44 731.25,314.31
             720.25,311.31 681.50,311.31 667.00,314.31
             661.50,315.43 656.88,316.18 656.63,315.93
             656.25,315.68 660.50,313.68 665.88,311.68
             674.25,308.43 681.38,306.68 698.75,303.43
             705.12,302.30 735.75,303.80 742.38,305.68 Z" />
</svg>
