<?xml version="1.0" encoding="UTF-8" standalone="no"?>
<!DOCTYPE svg PUBLIC "-//W3C//DTD SVG 20010904//EN"
              "http://www.w3.org/TR/2001/REC-SVG-20010904/DTD/svg10.dtd">

<svg xmlns="http://www.w3.org/2000/svg"
     width="11.0333in" height="8.82222in"
     viewBox="0 0 993 794">
  <path id="Imported Path"
        fill="none" stroke="black" stroke-width="1"
        d="M 243.87,539.92
           C 264.13,547.42 275.76,554.05 288.02,565.18
             307.40,582.81 315.91,605.82 312.53,630.82
             311.16,641.45 308.91,646.33 308.91,638.95
             308.78,628.57 297.52,606.32 287.52,597.06
             287.52,597.06 283.52,593.31 283.52,593.31
             283.52,593.31 288.02,599.56 288.02,599.56
             293.90,608.07 299.28,619.19 302.15,628.95
             304.78,638.33 305.28,661.33 302.90,669.59
             302.90,669.59 301.53,674.59 301.53,674.59
             301.53,674.59 307.03,668.34 307.03,668.34
             321.79,651.83 330.17,623.95 331.92,585.06
             332.79,566.80 332.17,566.80 330.17,585.18
             329.42,592.44 327.66,602.81 326.16,608.32
             326.16,608.32 323.41,618.32 323.41,618.32
             323.41,618.32 321.91,609.44 321.91,609.44
             319.91,597.69 318.16,592.44 313.16,583.81
             305.53,570.93 291.65,559.05 273.14,549.80
             263.76,545.05 242.37,537.29 235.12,535.92
             232.74,535.54 236.62,537.29 243.87,539.92 Z
           M 558.41,451.52
           C 554.28,452.14 549.15,453.02 546.90,453.27
             543.40,453.89 541.27,456.39 529.27,473.65
             492.75,526.17 460.36,579.31 452.60,600.06
             450.73,604.94 451.73,603.31 461.48,587.31
             486.87,545.05 516.51,506.41 554.28,466.02
             562.53,457.27 568.54,450.27 567.54,450.27
             566.66,450.39 562.53,450.89 558.41,451.52 Z
           M 288.90,430.89
           C 278.77,434.14 253.50,438.76 241.37,439.64
             227.74,440.51 209.98,438.76 199.60,435.26
             199.60,435.26 192.60,433.01 192.60,433.01
             192.60,433.01 188.34,437.64 188.34,437.64
             184.72,441.64 175.09,456.64 175.09,458.39
             175.09,458.64 181.47,458.89 189.22,458.89
             213.48,458.89 236.74,454.27 272.51,442.39
             290.40,436.51 296.40,433.39 296.40,430.14
             296.40,428.63 295.90,428.63 288.90,430.89 Z
           M 218.36,405.38
           C 216.61,407.63 215.61,409.88 216.11,410.25
             217.98,412.00 243.87,415.38 260.76,416.01
             270.39,416.38 283.39,416.26 289.52,415.63
             289.52,415.63 300.78,414.63 300.78,414.63
             300.78,414.63 286.39,413.76 286.39,413.76
             267.63,412.50 250.13,409.50 234.99,405.00
             228.24,403.00 222.49,401.38 222.11,401.38
             221.86,401.38 220.11,403.25 218.36,405.38 Z
           M 831.04,392.75
           C 812.41,395.62 728.74,408.50 680.34,415.88
             638.45,422.26 593.55,429.01 533.64,438.14
             473.61,447.27 460.48,449.77 462.86,451.77
             463.11,452.02 481.12,449.89 502.75,446.89
             537.90,442.26 624.94,430.51 660.33,425.76
             667.59,424.76 698.23,420.63 728.49,416.51
             758.76,412.38 797.40,407.25 814.29,405.00
             814.29,405.00 845.05,400.88 845.05,400.88
             845.05,400.88 851.80,394.87 851.80,394.87
             859.81,387.87 861.06,388.00 831.04,392.75 Z
           M 143.07,403.13
           C 143.07,403.13 136.69,407.38 136.69,407.38
             136.69,407.38 137.57,414.88 137.57,414.88
             138.57,422.38 142.07,434.64 143.57,435.64
             144.07,435.89 147.70,431.64 151.58,426.01
             151.58,426.01 158.70,415.88 158.70,415.88
             158.70,415.88 155.70,412.38 155.70,412.38
             153.95,410.38 152.08,406.50 151.33,403.88
             150.58,401.13 149.83,398.88 149.70,398.88
             149.58,398.88 146.57,400.75 143.07,403.13 Z
           M 832.29,366.62
           C 829.54,367.12 796.40,372.87 758.51,379.49
             720.74,386.12 683.84,392.62 676.59,393.87
             658.71,397.25 536.14,418.38 528.39,419.63
             525.01,420.13 522.76,420.76 523.64,421.01
             524.39,421.26 554.78,416.76 591.17,410.88
             658.08,400.00 756.13,384.37 783.52,380.12
             791.77,378.74 809.28,375.99 822.29,373.87
             835.42,371.87 846.80,370.12 847.80,370.12
             850.68,370.12 848.80,368.99 842.80,367.24
             839.30,366.24 835.55,365.99 832.29,366.62 Z
           M 277.01,337.11
           C 271.89,341.23 259.01,346.48 250.00,348.23
             244.87,349.11 231.24,350.61 219.49,351.36
             207.85,352.11 194.85,353.24 190.60,353.86
             175.46,356.36 161.08,362.99 153.70,370.87
             153.70,370.87 150.70,374.12 150.70,374.12
             150.70,374.12 153.83,373.37 153.83,373.37
             155.58,372.87 161.33,370.24 166.83,367.37
             183.34,358.99 184.84,358.61 211.98,357.61
             225.74,356.99 239.87,355.99 243.25,355.11
             251.63,353.11 271.01,343.73 276.39,338.98
             280.89,335.11 281.39,333.73 277.01,337.11 Z
           M 213.86,319.73
           C 175.34,326.10 144.57,349.74 125.81,387.50
             123.19,392.50 121.31,396.87 121.56,397.00
             121.81,397.25 125.81,394.00 130.44,389.87
             136.07,384.87 140.20,379.87 142.45,375.24
             157.95,344.73 189.85,324.35 228.49,320.23
             228.49,320.23 238.24,319.23 238.24,319.23
             238.24,319.23 227.61,319.23 227.61,319.23
             221.74,319.23 215.61,319.48 213.86,319.73 Z
           M 453.73,326.48
           C 451.10,327.85 448.98,329.48 448.98,330.10
             448.98,332.10 458.36,338.36 465.98,341.36
             465.98,341.36 472.99,344.23 472.99,344.23
             472.99,344.23 476.87,340.36 476.87,340.36
             478.99,338.23 480.49,336.23 480.12,335.98
             478.24,334.36 459.98,323.85 459.23,323.85
             458.73,323.98 456.23,325.10 453.73,326.48 Z
           M 672.84,299.47
           C 669.09,300.34 658.33,301.22 648.95,301.22
             648.95,301.22 631.94,301.34 631.94,301.34
             631.94,301.34 629.69,312.22 629.69,312.22
             626.69,326.85 620.19,346.61 614.31,359.36
             608.93,370.74 597.93,388.50 594.05,392.00
             592.67,393.25 591.55,394.62 591.55,395.12
             591.55,395.87 599.55,395.00 607.56,393.25
             610.93,392.37 620.19,380.12 625.94,368.74
             631.19,358.49 638.20,338.48 642.32,322.10
             644.07,315.22 646.08,309.10 646.83,308.60
             647.58,308.22 650.83,307.47 653.95,306.97
             660.83,305.97 679.22,300.34 680.97,298.72
             682.34,297.34 681.97,297.47 672.84,299.47 Z
           M 189.35,272.21
           C 184.09,275.84 179.47,279.09 178.97,279.59
             178.59,279.96 182.97,280.09 188.85,279.71
             202.48,278.96 234.24,280.84 246.75,283.21
             273.14,288.22 292.90,295.22 312.66,306.60
             312.66,306.60 317.03,309.10 317.03,309.10
             317.03,309.10 313.91,306.47 313.91,306.47
             308.91,302.35 292.27,292.84 281.14,287.59
             260.13,277.84 230.12,269.21 207.98,266.58
             207.98,266.58 198.98,265.58 198.98,265.58
             198.98,265.58 189.35,272.21 189.35,272.21 Z
           M 705.11,245.70
           C 689.97,256.33 650.08,265.08 617.19,265.08
             617.19,265.08 608.18,265.08 608.18,265.08
             608.18,265.08 607.43,277.84 607.43,277.84
             604.93,317.85 591.55,355.49 568.91,386.12
             568.91,386.12 562.66,394.50 562.66,394.50
             562.66,394.50 568.29,388.62 568.29,388.62
             589.42,365.99 606.31,322.10 609.68,280.71
             609.68,280.71 610.56,270.71 610.56,270.71
             610.56,270.71 631.44,270.71 631.44,270.71
             642.82,270.71 656.83,269.96 662.46,269.08
             675.84,266.96 695.35,262.08 702.23,258.96
             706.98,256.83 707.86,255.83 709.11,251.08
             709.86,248.08 710.73,244.70 711.11,243.45
             711.98,240.83 712.23,240.70 705.11,245.70 Z
           M 281.64,163.43
           C 277.89,168.68 275.64,174.43 274.64,181.31
             273.89,186.43 274.39,187.81 280.27,198.19
             298.15,229.45 340.80,288.47 345.80,288.72
             346.42,288.84 344.92,286.72 342.55,284.09
             340.05,281.59 334.92,275.46 331.17,270.71
             303.65,235.70 287.14,197.81 284.77,163.80
             284.77,163.80 284.52,159.43 284.52,159.43
             284.52,159.43 281.64,163.43 281.64,163.43 Z
           M 489.50,97.78
           C 489.87,99.53 490.62,102.03 491.12,103.28
             491.75,105.03 491.50,105.28 489.50,104.41
             476.36,98.66 469.49,97.28 457.11,97.78
             448.98,98.16 442.72,99.16 439.22,100.66
             433.47,103.03 432.59,104.66 438.22,102.53
             446.22,99.53 457.23,98.78 467.36,100.53
             479.87,102.66 486.62,106.16 495.00,114.54
             501.63,121.41 507.13,124.16 501.25,117.79
             490.12,105.78 492.50,99.41 504.25,109.41
             515.51,118.91 529.77,123.91 545.27,123.66
             545.27,123.66 554.65,123.41 554.65,123.41
             554.65,123.41 544.77,122.41 544.77,122.41
             522.51,120.04 507.26,112.79 499.13,100.53
             495.50,95.03 495.25,94.78 495.25,98.03
             495.25,98.03 495.25,101.41 495.25,101.41
             495.25,101.41 492.00,97.91 492.00,97.91
             492.00,97.91 488.87,94.40 488.87,94.40
             488.87,94.40 489.50,97.78 489.50,97.78 Z
           M 425.21,51.39
           C 407.33,54.89 397.07,64.52 395.20,79.78
             395.20,79.78 394.32,86.90 394.32,86.90
             394.32,86.90 392.70,83.15 392.70,83.15
             391.70,81.03 390.95,75.65 390.95,71.02
             390.82,66.27 390.45,62.52 389.95,62.52
             389.45,62.52 387.82,65.77 386.32,69.65
             382.07,80.28 382.19,95.41 386.57,105.91
             386.57,105.91 389.82,113.66 389.82,113.66
             389.82,113.66 386.32,119.79 386.32,119.79
             379.94,131.04 371.44,136.29 359.56,136.29
             352.55,136.29 343.05,141.17 336.17,148.30
             330.42,154.42 320.91,168.18 319.54,172.68
             318.41,176.06 316.53,175.68 310.16,170.55
             302.15,164.18 295.52,153.92 293.77,145.05
             293.02,140.92 292.15,137.54 291.77,137.54
             289.52,137.54 283.39,142.17 279.77,146.55
             274.26,153.42 261.38,177.68 261.26,181.56
             261.13,183.06 261.51,187.93 262.01,192.19
             263.63,205.56 257.75,215.69 246.62,218.82
             234.87,222.07 208.98,218.82 193.10,212.19
             193.10,212.19 185.72,209.07 185.72,209.07
             185.72,209.07 184.22,215.44 184.22,215.44
             183.47,219.07 182.22,225.07 181.34,228.95
             180.34,234.32 179.34,236.32 177.09,237.32
             172.21,239.45 165.58,245.95 161.33,252.70
             159.08,256.08 157.45,259.21 157.83,259.46
             158.08,259.71 162.08,259.33 166.71,258.58
             171.34,257.83 175.46,257.58 175.84,257.96
             176.34,258.33 174.71,260.21 172.46,262.08
             170.09,263.96 163.08,270.71 156.70,277.09
             138.94,294.97 125.56,314.22 118.31,332.10
             112.68,346.11 112.81,346.23 119.44,340.36
             131.07,330.23 151.33,318.85 151.33,322.73
             151.33,324.98 143.20,336.86 137.94,341.98
             135.19,344.73 129.32,350.11 124.81,353.86
             111.93,364.61 102.43,380.37 96.55,400.75
             91.30,418.63 89.92,440.01 92.80,456.27
             92.80,456.27 94.17,464.52 94.17,464.52
             94.17,464.52 96.30,457.64 96.30,457.64
             99.30,447.77 107.80,432.39 109.31,434.01
             109.56,434.26 109.31,437.89 108.55,442.01
             106.80,452.77 108.05,484.03 110.68,493.91
             113.31,503.91 121.44,521.29 125.06,524.54
             126.56,525.92 132.82,528.04 139.82,529.67
             162.58,534.79 191.10,547.17 206.85,558.80
             210.36,561.43 216.98,567.55 221.49,572.43
             234.87,586.81 241.00,601.06 241.62,618.94
             241.62,618.94 242.00,628.32 242.00,628.32
             242.00,628.32 253.88,630.32 253.88,630.32
             267.63,632.57 279.52,637.45 284.77,642.95
             288.15,646.58 288.27,647.08 288.77,662.33
             289.27,683.97 286.02,698.22 278.14,708.60
             276.51,710.72 275.14,712.85 275.14,713.22
             275.14,713.60 278.77,711.35 283.02,708.35
             295.65,699.60 312.41,684.34 318.66,675.96
             321.91,671.84 329.42,663.58 335.42,657.83
             347.80,646.08 358.56,630.95 363.18,618.94
             364.93,614.44 367.81,604.07 369.56,595.81
             371.44,587.56 373.81,578.93 374.81,576.68
             377.44,571.18 382.82,566.93 390.45,564.30
             390.45,564.30 396.70,562.05 396.70,562.05
             396.70,562.05 395.95,551.55 395.95,551.55
             394.07,526.04 384.44,503.78 369.19,489.28
             369.19,489.28 363.68,484.03 363.68,484.03
             363.68,484.03 368.56,482.03 368.56,482.03
             372.56,480.28 374.06,480.28 377.94,481.53
             381.69,482.65 383.82,482.78 387.70,481.53
             391.82,480.28 393.32,480.40 396.57,482.03
             400.08,483.90 400.95,483.90 409.83,481.28
             416.58,479.28 419.84,478.78 421.34,479.78
             423.34,481.03 438.72,522.41 438.85,527.17
             438.97,528.67 433.34,540.67 426.59,554.05
             395.45,614.69 379.82,669.21 378.19,721.48
             378.19,721.48 377.69,740.86 377.69,740.86
             377.69,740.86 380.07,734.48 380.07,734.48
             383.19,725.85 392.57,707.47 398.33,698.34
             415.83,670.84 436.59,650.83 479.62,620.32
             549.03,571.05 586.42,541.17 620.06,508.29
             646.33,482.78 662.83,462.77 675.21,441.89
             675.21,441.89 680.47,433.14 680.47,433.14
             680.47,433.14 763.63,424.88 763.63,424.88
             763.63,424.88 846.80,416.51 846.80,416.51
             846.80,416.51 854.56,409.88 854.56,409.88
             876.69,390.87 891.70,381.37 907.71,376.37
             907.71,376.37 914.34,374.37 914.34,374.37
             914.34,374.37 898.95,372.12 898.95,372.12
             878.57,368.99 863.31,364.86 850.05,358.61
             850.05,358.61 839.17,353.49 839.17,353.49
             839.17,353.49 779.02,365.62 779.02,365.62
             746.00,372.37 718.61,377.62 718.36,377.24
             717.36,376.37 721.11,368.24 726.24,359.74
             735.25,344.86 748.88,331.85 763.38,324.35
             768.26,321.85 772.39,319.60 772.64,319.48
             772.89,319.23 770.39,315.10 767.14,310.10
             750.50,284.34 739.50,249.83 738.75,221.57
             738.62,215.19 738.25,210.07 738.12,210.07
             737.87,210.07 736.12,211.07 734.37,212.44
             727.37,217.32 712.48,224.07 697.98,228.82
             673.09,236.95 644.95,241.45 605.93,243.33
             605.93,243.33 588.42,244.08 588.42,244.08
             588.42,244.08 588.42,267.46 588.42,267.46
             588.30,287.47 587.92,292.34 585.42,302.60
             580.17,323.85 571.16,345.73 568.04,344.48
             567.16,344.11 565.53,343.86 564.53,343.86
             563.28,343.86 562.78,342.23 562.78,338.23
             562.78,331.60 559.78,328.85 550.90,327.85
             550.90,327.85 545.27,327.23 545.27,327.23
             545.27,327.23 545.27,320.60 545.27,320.60
             545.27,320.60 545.27,313.85 545.27,313.85
             545.27,313.85 537.52,313.85 537.52,313.85
             533.14,313.85 527.52,314.47 524.76,315.22
             520.14,316.47 519.76,316.35 515.13,311.85
             512.38,309.22 510.26,306.72 510.26,306.35
             510.26,305.97 513.51,305.60 517.51,305.35
             526.39,304.85 540.52,301.72 543.52,299.59
             545.40,298.22 543.77,297.84 532.64,297.34
             522.01,296.84 518.26,296.22 512.38,293.47
             508.51,291.72 505.25,289.72 505.25,288.97
             505.25,288.34 509.63,285.34 515.01,282.46
             515.01,282.46 524.64,277.09 524.64,277.09
             524.64,277.09 517.14,276.21 517.14,276.21
             513.01,275.71 505.13,274.96 499.63,274.46
             499.63,274.46 489.62,273.59 489.62,273.59
             489.62,273.59 500.88,269.58 500.88,269.58
             500.88,269.58 512.13,265.71 512.13,265.71
             512.13,265.71 502.13,264.96 502.13,264.96
             489.75,264.08 482.62,261.21 477.24,254.83
             473.11,250.08 472.99,249.95 467.61,251.20
             464.61,251.95 461.73,252.58 461.23,252.58
             459.73,252.58 459.98,239.83 461.61,232.32
             463.23,224.45 469.86,209.82 475.11,201.81
             477.24,198.69 478.99,195.94 478.99,195.81
             478.99,195.56 474.86,196.69 469.86,198.19
             464.86,199.81 456.35,201.69 450.85,202.44
             438.97,204.19 439.60,204.69 433.97,188.93
             429.47,176.81 429.72,172.18 434.72,167.43
             434.72,167.43 437.85,164.43 437.85,164.43
             437.85,164.43 429.84,161.93 429.84,161.93
             423.09,159.80 420.84,158.30 415.46,152.17
             410.71,146.92 408.96,144.05 408.96,141.29
             408.96,137.79 409.21,137.54 413.96,137.54
             417.09,137.54 421.84,136.04 426.59,133.79
             436.59,128.67 442.22,128.54 446.22,133.17
             448.73,136.17 449.10,137.67 448.60,142.17
             448.10,147.30 448.23,147.55 451.35,147.55
             455.60,147.55 459.73,144.67 462.86,139.54
             462.86,139.54 465.23,135.67 465.23,135.67
             465.23,135.67 465.23,141.42 465.23,141.42
             465.23,147.67 462.11,153.05 457.73,154.42
             453.23,155.80 455.10,157.55 461.23,157.55
             477.49,157.55 487.75,148.80 487.75,134.92
             487.75,133.17 486.37,129.04 484.74,125.91
             483.12,122.66 482.12,120.04 482.49,120.04
             482.74,120.04 486.62,122.54 490.87,125.66
             504.50,135.42 510.76,148.92 508.01,162.80
             507.38,166.43 506.88,169.55 507.01,169.68
             507.26,169.93 509.01,167.68 511.13,164.68
             515.38,158.80 517.76,152.55 517.76,147.55
             517.76,145.67 518.14,143.80 518.64,143.42
             519.76,142.17 525.01,149.55 529.14,158.17
             529.14,158.17 532.77,165.68 532.77,165.68
             532.77,165.68 532.77,158.05 532.77,158.05
             532.77,153.92 531.89,147.67 530.89,144.30
             529.89,140.92 529.02,138.04 529.02,137.92
             529.02,137.79 531.39,138.54 534.39,139.54
             537.40,140.67 543.90,141.54 549.65,141.67
             566.91,141.79 577.92,134.67 586.42,117.66
             591.80,107.28 596.80,101.78 602.05,100.91
             608.31,99.91 615.06,101.91 619.19,105.78
             622.19,108.66 622.81,108.91 622.81,107.03
             622.81,103.41 615.06,96.66 608.93,94.90
             598.30,91.90 591.92,92.78 581.42,98.53
             573.54,102.91 570.29,104.03 563.28,104.53
             563.28,104.53 554.65,105.16 554.65,105.16
             554.65,105.16 560.91,99.41 560.91,99.41
             560.91,99.41 567.16,93.65 567.16,93.65
             567.16,93.65 561.53,94.40 561.53,94.40
             556.66,95.03 556.28,94.90 558.41,93.65
             563.91,90.15 569.04,82.40 569.04,77.15
             569.04,77.15 569.04,73.77 569.04,73.77
             569.04,73.77 563.78,77.52 563.78,77.52
             557.03,82.40 546.53,85.53 539.77,84.65
             536.90,84.15 525.89,80.15 515.26,75.65
             489.75,64.65 483.99,63.14 467.11,63.27
             450.23,63.39 441.85,66.15 433.34,74.40
             433.34,74.40 427.72,79.90 427.72,79.90
             427.72,79.90 427.72,74.27 427.72,74.27
             427.72,71.15 428.34,67.40 429.09,66.02
             430.47,63.52 430.47,63.52 426.46,65.77
             424.21,67.15 420.84,69.65 418.84,71.52
             414.46,75.90 413.83,75.90 415.08,71.52
             417.71,62.52 423.71,55.39 431.47,52.14
             436.47,49.89 433.97,49.64 425.21,51.39 Z
           M 411.08,68.40
           C 409.21,72.77 408.46,77.02 408.46,83.90
             408.33,92.40 408.71,93.90 412.08,98.78
             412.08,98.78 415.83,104.16 415.83,104.16
             415.83,104.16 416.58,96.16 416.58,96.16
             417.34,88.15 419.71,81.28 421.71,81.28
             422.21,81.28 422.71,82.65 422.71,84.28
             422.71,85.90 423.96,88.78 425.34,90.65
             425.34,90.65 428.09,94.03 428.09,94.03
             428.09,94.03 431.97,86.78 431.97,86.78
             438.85,73.90 450.23,69.27 472.24,70.27
             486.12,70.90 493.50,73.02 512.51,82.03
             531.39,91.03 545.02,92.78 557.16,88.15
             561.78,86.28 557.41,89.65 550.90,93.03
             542.40,97.16 530.02,99.28 522.76,97.66
             515.63,96.03 514.88,96.91 521.01,99.66
             524.64,101.41 529.14,101.91 539.27,101.91
             551.15,101.91 552.53,102.16 550.78,103.78
             549.78,104.78 547.15,106.28 544.90,107.03
             544.90,107.03 540.90,108.41 540.90,108.41
             540.90,108.41 547.03,109.41 547.03,109.41
             556.41,110.91 575.29,109.53 580.04,107.03
             582.42,105.78 584.54,105.16 584.92,105.53
             586.42,107.03 580.92,116.54 576.17,120.79
             569.16,127.17 561.16,130.29 550.78,131.04
             535.52,132.04 519.51,126.66 507.88,116.79
             503.38,112.79 502.63,112.54 504.00,115.16
             504.88,116.79 508.63,121.29 512.13,125.04
             518.39,131.54 526.14,143.30 525.01,144.42
             524.76,144.67 522.64,142.29 520.26,139.17
             517.89,136.04 514.51,132.54 512.88,131.42
             510.01,129.54 509.88,129.54 511.26,132.17
             512.88,135.17 513.26,146.30 511.88,146.30
             511.26,146.30 509.01,142.79 506.88,138.42
             498.75,122.79 488.12,113.79 473.49,110.16
             465.36,108.16 444.10,108.16 433.34,110.16
             433.34,110.16 424.59,111.91 424.59,111.91
             424.59,111.91 439.60,112.66 439.60,112.66
             468.61,114.04 478.99,120.29 478.99,136.42
             478.99,142.04 478.49,143.30 474.74,147.05
             469.11,152.67 467.49,152.42 470.61,146.17
             472.74,141.79 472.86,140.42 471.61,136.29
             469.99,130.92 464.73,125.79 457.11,122.41
             450.23,119.16 448.60,119.54 451.98,123.16
             455.73,127.17 456.86,131.42 455.35,135.29
             455.35,135.29 454.10,138.17 454.10,138.17
             454.10,138.17 454.10,135.17 454.10,135.17
             453.98,130.92 446.72,124.29 440.97,123.29
             436.97,122.54 435.47,122.91 431.59,125.54
             425.71,129.67 418.21,129.92 413.46,126.16
             410.58,123.91 410.21,123.91 410.21,125.66
             410.21,127.04 409.58,127.54 408.33,127.04
             407.08,126.66 406.45,126.91 406.70,127.92
             406.95,128.79 405.95,130.92 404.45,132.79
             401.95,136.04 401.70,136.04 396.95,134.42
             394.32,133.42 391.07,132.67 389.95,132.54
             388.70,132.54 387.70,132.04 387.70,131.54
             387.70,128.79 398.20,122.54 402.83,122.54
             405.33,122.54 404.95,122.04 400.45,118.16
             393.45,112.16 388.95,102.41 387.57,90.40
             386.44,80.53 388.07,74.40 389.32,83.78
             389.95,88.90 395.82,100.03 398.33,100.91
             399.08,101.16 399.58,97.28 399.58,90.90
             399.58,79.78 402.08,73.02 408.71,65.90
             413.46,60.89 414.21,61.77 411.08,68.40 Z
           M 392.07,147.67
           C 398.45,150.05 412.71,161.30 412.71,163.93
             412.71,164.55 410.96,165.05 408.71,165.05
             404.33,165.05 385.32,170.55 379.82,173.43
             376.56,175.06 375.94,175.06 374.06,173.30
             372.94,172.30 369.81,170.55 367.18,169.43
             356.18,164.80 346.42,172.55 346.42,185.81
             346.42,189.43 344.92,192.69 340.05,199.69
             335.92,205.69 333.42,210.82 333.04,213.94
             333.04,213.94 332.29,218.94 332.29,218.94
             332.29,218.94 328.79,214.82 328.79,214.82
             324.54,210.07 312.53,191.06 313.16,190.43
             313.41,190.18 317.03,190.94 321.16,192.19
             326.16,193.69 329.17,195.31 329.92,196.94
             330.79,198.81 331.29,197.19 331.92,190.69
             334.29,166.68 340.17,156.92 355.93,149.92
             368.44,144.30 381.07,143.55 392.07,147.67 Z
           M 293.77,186.56
           C 302.40,220.19 319.04,248.70 346.17,276.21
             346.17,276.21 360.18,290.47 360.18,290.47
             360.18,290.47 360.18,298.34 360.18,298.34
             360.18,311.72 360.31,311.85 332.92,278.96
             306.65,247.58 287.02,219.94 276.01,199.19
             269.76,187.31 269.76,187.06 271.26,181.43
             273.39,173.55 280.64,158.67 284.89,153.67
             284.89,153.67 288.27,149.55 288.27,149.55
             288.27,149.55 289.27,160.93 289.27,160.93
             289.77,167.30 291.77,178.81 293.77,186.56 Z
           M 427.72,167.93
           C 427.72,168.18 426.71,170.30 425.59,172.68
             422.59,178.68 422.09,189.43 423.96,207.07
             425.34,220.44 425.21,222.95 423.46,229.20
             422.34,233.07 420.84,236.57 420.21,236.95
             417.09,238.83 389.70,220.57 379.57,209.94
             375.56,205.81 372.19,202.69 371.94,202.94
             371.69,203.19 371.19,205.81 370.81,208.94
             370.06,214.19 370.31,214.82 376.69,222.07
             385.69,232.57 395.20,240.33 405.20,245.58
             412.58,249.45 414.08,249.83 417.84,248.83
             424.21,246.95 424.96,247.33 420.84,250.45
             409.46,258.71 394.82,275.71 391.45,284.34
             390.70,286.34 389.82,287.72 389.57,287.34
             388.07,285.84 397.58,264.83 403.58,256.33
             405.70,253.33 404.83,253.95 400.95,258.21
             393.70,266.08 385.57,282.09 383.57,292.34
             382.82,296.59 381.82,300.09 381.32,300.09
             379.82,300.09 368.19,286.97 362.43,278.84
             350.68,262.21 340.80,239.95 337.67,222.82
             337.67,222.82 336.29,215.32 336.29,215.32
             336.29,215.32 345.17,202.69 345.17,202.69
             353.93,190.43 354.05,189.93 352.68,185.68
             351.68,182.56 351.68,180.68 352.68,178.81
             355.30,173.93 367.44,176.18 374.81,182.93
             374.81,182.93 377.69,185.43 377.69,185.43
             377.69,185.43 389.82,179.81 389.82,179.81
             402.95,173.68 411.46,170.68 420.34,168.93
             427.47,167.55 427.72,167.43 427.72,167.93 Z
           M 462.11,210.32
           C 457.86,218.07 454.98,230.45 454.85,242.20
             454.85,242.20 454.60,252.58 454.60,252.58
             454.60,252.58 447.73,253.95 447.73,253.95
             430.84,257.46 413.33,266.46 401.20,278.34
             397.83,281.59 394.95,283.96 394.57,283.59
             393.32,282.34 410.46,262.58 419.96,254.46
             428.22,247.33 429.72,245.45 428.34,244.33
             425.34,242.08 426.09,240.70 431.84,237.82
             431.84,237.82 437.10,235.20 437.10,235.20
             437.10,235.20 438.35,222.95 438.35,222.95
             438.35,222.95 439.60,210.69 439.60,210.69
             439.60,210.69 447.10,209.94 447.10,209.94
             451.23,209.57 456.60,208.32 458.98,207.19
             465.23,204.44 465.36,204.56 462.11,210.32 Z
           M 276.26,221.57
           C 285.27,229.07 306.40,253.95 306.40,257.08
             306.40,257.46 304.28,255.96 301.78,253.58
             295.77,248.33 279.39,235.82 269.14,228.95
             269.14,228.95 261.13,223.57 261.13,223.57
             261.13,223.57 264.63,219.94 264.63,219.94
             266.51,217.94 268.51,216.32 269.01,216.32
             269.51,216.32 272.76,218.69 276.26,221.57 Z
           M 198.60,222.82
           C 205.35,225.07 209.86,225.57 221.99,225.70
             230.24,225.70 239.87,225.20 243.25,224.70
             249.25,223.70 249.88,223.95 260.51,230.32
             278.89,241.20 302.15,259.58 321.04,278.09
             338.92,295.34 343.80,301.72 331.17,291.09
             298.40,263.33 257.25,240.20 227.36,232.45
             215.86,229.57 196.85,228.82 190.85,231.20
             188.85,231.95 187.09,232.45 186.84,232.32
             186.47,231.82 189.10,220.07 189.72,220.07
             189.97,220.07 193.97,221.32 198.60,222.82 Z
           M 713.11,252.58
           C 707.61,273.21 708.48,272.21 690.97,277.96
             674.21,283.46 646.33,287.59 625.06,287.59
             625.06,287.59 616.56,287.59 616.56,287.59
             616.56,287.59 616.56,292.09 616.56,292.09
             616.56,294.59 615.43,302.22 614.06,309.10
             606.31,346.61 590.92,377.62 569.91,397.88
             563.16,404.38 561.91,405.00 554.28,406.38
             549.65,407.13 544.77,408.13 543.52,408.50
             541.90,409.00 543.40,406.50 547.90,401.25
             582.29,361.49 600.68,318.85 602.43,274.46
             602.43,274.46 603.18,256.96 603.18,256.96
             603.18,256.96 622.06,256.83 622.06,256.83
             649.95,256.58 672.34,252.08 698.23,241.83
             705.73,238.83 712.98,235.45 714.48,234.45
             715.99,233.45 717.36,232.95 717.61,233.57
             717.74,234.20 715.74,242.70 713.11,252.58 Z
           M 727.12,245.58
           C 728.74,260.21 737.62,283.84 748.50,302.72
             748.50,302.72 751.88,308.60 751.88,308.60
             751.88,308.60 744.12,317.73 744.12,317.73
             735.50,328.10 716.61,354.11 706.48,369.74
             700.73,378.74 699.35,380.12 696.23,380.12
             696.23,380.12 692.60,380.12 692.60,380.12
             692.60,380.12 695.48,375.37 695.48,375.37
             697.10,372.87 705.61,359.36 714.36,345.36
             723.11,331.35 730.37,319.60 730.37,319.10
             730.37,318.60 726.99,308.60 722.74,296.72
             722.74,296.72 715.11,275.34 715.11,275.34
             715.11,275.34 719.86,257.08 719.86,257.08
             722.61,247.08 725.12,238.83 725.49,238.83
             725.87,238.83 726.62,241.83 727.12,245.58 Z
           M 242.50,243.83
           C 269.01,250.58 293.02,264.58 328.42,293.84
             343.42,306.22 347.55,310.22 340.55,305.72
             334.92,301.97 302.65,282.71 298.78,280.71
             291.77,276.96 295.27,279.84 308.91,288.72
             316.53,293.72 322.66,297.97 322.66,298.34
             322.66,299.09 323.16,299.47 310.78,291.97
             291.40,280.21 257.50,265.46 234.49,258.71
             218.86,254.21 197.22,250.08 184.84,249.20
             178.09,248.83 172.96,247.95 173.34,247.45
             173.96,246.45 184.59,243.08 193.22,241.33
             202.10,239.33 230.87,240.83 242.50,243.83 Z
           M 213.48,261.33
           C 260.26,269.71 302.15,288.97 333.67,316.47
             342.92,324.48 343.92,325.73 342.17,327.35
             340.55,328.98 339.67,328.73 334.29,325.35
             316.78,314.22 290.40,303.72 266.88,298.72
             249.38,294.97 217.98,294.09 199.23,296.84
             181.97,299.34 161.83,305.10 146.95,311.60
             140.82,314.22 134.82,316.85 133.82,317.22
             129.69,318.60 172.84,277.46 184.97,268.46
             192.10,263.21 198.35,258.83 198.85,258.83
             199.23,258.83 205.85,259.96 213.48,261.33 Z
           M 462.73,260.83
           C 459.11,264.96 441.35,278.96 428.34,287.59
             420.84,292.72 411.83,299.34 408.46,302.47
             401.95,308.60 402.20,307.10 409.46,296.97
             420.09,282.09 436.59,269.33 454.73,261.96
             463.36,258.33 464.86,258.21 462.73,260.83 Z
           M 485.87,265.46
           C 493.00,267.21 493.12,267.33 489.62,268.21
             487.62,268.83 477.49,271.59 467.11,274.59
             456.86,277.46 448.23,279.71 447.98,279.46
             447.73,279.34 452.85,275.46 459.23,270.96
             471.99,261.96 471.49,262.08 485.87,265.46 Z
           M 430.22,269.71
           C 412.58,284.21 398.33,300.59 391.70,313.85
             391.70,313.85 388.32,320.73 388.32,320.73
             388.32,320.73 387.45,313.22 387.45,313.22
             386.82,307.35 387.19,304.60 388.95,300.47
             393.57,289.97 409.96,275.96 426.71,268.33
             435.97,264.08 436.72,264.46 430.22,269.71 Z
           M 494.50,278.84
           C 500.75,278.84 499.88,279.71 491.12,281.96
             480.37,284.71 463.23,291.97 452.10,298.47
             439.10,305.97 429.47,313.35 417.09,325.23
             411.58,330.48 404.45,336.73 401.20,339.23
             395.57,343.36 381.69,349.61 380.57,348.36
             380.32,348.11 383.44,345.98 387.57,343.86
             395.07,339.86 410.21,327.23 408.96,325.98
             408.58,325.60 405.58,326.60 402.08,328.23
             398.70,329.85 395.70,330.98 395.45,330.73
             394.32,329.60 412.96,312.60 421.46,306.97
             435.84,297.47 458.48,286.84 482.74,278.34
             483.74,277.96 485.74,277.96 487.12,278.21
             488.50,278.59 491.87,278.84 494.50,278.84 Z
           M 704.10,284.34
           C 704.10,284.59 701.60,293.22 698.60,303.47
             684.59,350.24 670.71,384.37 665.08,385.62
             663.58,386.00 643.70,389.50 620.94,393.25
             598.30,397.13 578.67,400.50 577.54,400.88
             573.79,402.00 575.16,399.63 580.67,395.75
             591.17,388.12 605.81,364.86 613.31,344.11
             617.56,332.35 621.06,318.23 622.94,305.35
             622.94,305.35 624.44,295.09 624.44,295.09
             624.44,295.09 629.57,295.09 629.57,295.09
             650.45,294.84 683.72,290.59 695.73,286.34
             702.98,283.84 704.10,283.59 704.10,284.34 Z
           M 718.36,302.60
           C 720.99,309.47 722.86,315.85 722.49,316.72
             721.11,320.35 687.60,379.62 686.22,380.87
             683.97,383.00 674.96,384.12 675.72,382.25
             676.72,380.12 692.47,340.11 703.23,312.85
             708.11,300.34 712.48,290.09 712.86,290.09
             713.23,290.09 715.61,295.72 718.36,302.60 Z
           M 500.25,294.59
           C 503.88,296.34 509.01,298.22 511.63,298.47
             521.14,299.84 517.76,301.34 505.50,301.34
             497.38,301.34 489.87,302.22 483.74,303.72
             468.61,307.60 433.97,325.85 411.46,341.86
             402.70,348.11 402.20,348.23 404.58,344.73
             407.21,340.61 420.84,329.48 432.09,322.23
             442.10,315.85 463.98,304.60 481.49,296.84
             488.00,293.97 493.50,291.47 493.62,291.47
             493.75,291.34 496.75,292.84 500.25,294.59 Z
           M 506.00,313.35
           C 506.00,313.35 515.13,318.98 515.13,318.98
             515.13,318.98 507.26,323.10 507.26,323.10
             494.50,329.73 485.62,336.23 479.12,343.36
             479.12,343.36 473.11,350.24 473.11,350.24
             473.11,350.24 466.61,347.61 466.61,347.61
             462.98,346.23 457.86,343.98 455.10,342.61
             449.73,339.86 440.22,331.73 440.22,329.98
             440.22,327.23 486.87,308.22 495.12,307.72
             496.00,307.60 500.88,310.22 506.00,313.35 Z
           M 281.39,313.60
           C 289.27,315.60 297.90,318.23 300.65,319.35
             300.65,319.35 305.40,321.35 305.40,321.35
             305.40,321.35 300.15,327.60 300.15,327.60
             297.27,331.10 291.65,336.36 287.77,339.36
             268.39,354.11 252.38,359.24 212.98,363.24
             202.48,364.36 189.60,366.37 184.22,367.62
             163.08,372.99 140.57,386.87 116.68,409.38
             113.06,412.75 110.06,414.76 110.06,414.01
             110.06,411.00 116.68,393.12 121.06,384.50
             138.82,348.98 172.09,322.73 211.98,312.72
             226.49,309.10 227.74,308.97 248.25,309.47
             264.26,309.72 269.14,310.35 281.39,313.60 Z
           M 539.27,321.35
           C 539.77,330.48 540.02,330.10 531.52,333.73
             522.14,337.61 511.26,344.48 505.88,349.86
             505.88,349.86 502.13,353.49 502.13,353.49
             502.13,353.49 495.62,350.24 495.62,350.24
             492.00,348.48 489.00,346.73 489.00,346.23
             489.00,344.73 500.00,335.73 507.38,331.35
             513.26,327.73 535.39,317.98 538.15,317.73
             538.65,317.60 539.15,319.23 539.27,321.35 Z
           M 559.03,337.36
           C 559.03,340.98 556.41,343.23 547.90,346.86
             543.40,348.73 536.14,352.74 531.77,355.86
             531.77,355.86 523.76,361.49 523.76,361.49
             523.76,361.49 518.76,358.11 518.76,358.11
             518.76,358.11 513.76,354.61 513.76,354.61
             513.76,354.61 516.76,352.36 516.76,352.36
             522.26,347.86 539.40,339.86 548.28,337.61
             559.41,334.61 559.03,334.61 559.03,337.36 Z
           M 422.71,354.61
           C 433.09,358.49 449.23,363.36 459.11,365.62
             461.98,366.24 462.36,366.99 462.23,370.99
             462.23,370.99 462.11,375.62 462.11,375.62
             462.11,375.62 472.11,378.49 472.11,378.49
             480.37,380.99 482.87,381.25 486.12,380.12
             491.75,378.12 500.75,380.74 499.75,384.12
             499.38,385.37 498.63,387.50 498.25,388.87
             497.75,390.50 498.00,391.37 499.13,391.37
             502.25,391.50 533.02,397.38 533.64,398.13
             534.14,398.50 530.02,405.50 525.89,411.13
             525.64,411.38 519.14,412.63 511.38,414.01
             503.50,415.38 485.99,418.38 472.49,420.76
             458.86,423.13 446.72,425.13 445.47,425.13
             442.72,425.13 440.97,421.76 439.10,412.50
             437.72,406.00 438.72,398.88 442.10,391.12
             442.72,389.37 439.97,385.87 430.09,375.74
             422.96,368.49 416.58,362.61 415.83,362.61
             415.21,362.61 411.71,365.49 408.08,368.87
             408.08,368.87 401.70,375.12 401.70,375.12
             401.70,375.12 402.83,387.87 402.83,387.87
             403.45,395.00 404.33,402.88 404.70,405.38
             405.08,408.00 405.20,410.13 404.83,410.13
             404.58,410.13 401.20,408.75 397.33,407.00
             388.20,402.75 375.44,400.13 364.06,400.13
             355.55,400.13 354.43,400.38 348.80,404.50
             345.42,406.88 341.30,408.88 339.55,408.88
             335.54,408.88 335.67,408.25 339.92,404.50
             339.92,404.50 343.30,401.50 343.30,401.50
             343.30,401.50 333.04,401.38 333.04,401.38
             327.29,401.38 322.66,401.13 322.66,400.75
             322.66,400.50 325.04,398.00 328.04,395.25
             332.04,391.37 336.29,389.25 346.42,385.75
             370.19,377.49 394.20,364.86 406.45,354.11
             408.83,351.99 410.83,350.24 410.83,350.11
             410.83,350.11 416.21,352.11 422.71,354.61 Z
           M 561.41,352.49
           C 560.41,353.86 556.53,359.49 552.90,364.99
             549.15,370.62 545.90,375.12 545.65,375.12
             544.77,375.12 532.77,366.99 532.77,366.37
             532.77,365.49 536.77,362.99 549.65,356.11
             562.16,349.49 563.91,348.98 561.41,352.49 Z
           M 847.18,363.86
           C 852.43,365.99 862.31,369.24 869.19,370.99
             880.82,373.99 884.32,376.37 877.32,376.37
             875.57,376.37 863.94,377.99 851.43,380.12
             838.80,382.12 821.29,384.87 812.28,386.25
             803.40,387.62 783.64,390.75 768.51,393.12
             753.38,395.50 720.99,400.63 696.60,404.38
             672.21,408.25 648.83,411.88 644.70,412.63
             640.57,413.26 619.44,416.63 597.80,420.01
             576.17,423.51 536.27,429.76 509.26,434.01
             509.26,434.01 460.23,441.76 460.23,441.76
             460.23,441.76 453.35,437.01 453.35,437.01
             449.60,434.51 446.47,432.01 446.47,431.51
             446.47,431.14 455.85,429.14 467.49,427.13
             478.99,425.26 490.62,423.13 493.37,422.51
             496.12,421.88 525.39,416.63 558.41,410.75
             627.07,398.38 646.95,394.87 669.71,390.75
             678.72,389.12 709.86,383.50 739.12,378.24
             787.27,369.62 836.92,360.49 837.55,360.24
             837.67,360.11 842.05,361.86 847.18,363.86 Z
           M 432.59,381.75
           C 436.47,385.87 436.72,386.50 435.34,390.12
             431.72,400.63 432.72,419.76 437.22,429.26
             438.35,431.51 442.47,435.76 446.60,438.76
             452.10,442.76 453.85,444.77 453.35,446.27
             452.85,447.39 451.35,451.27 449.98,454.89
             449.98,454.89 447.35,461.40 447.35,461.40
             447.35,461.40 453.98,479.90 453.98,479.90
             462.48,503.53 466.36,511.04 472.74,516.91
             478.49,522.16 478.87,520.79 469.11,532.42
             465.98,535.92 463.11,538.54 462.61,538.04
             462.23,537.42 458.98,529.17 455.48,519.54
             451.98,509.91 446.47,494.66 443.10,485.78
             437.47,470.65 437.22,469.27 438.60,465.15
             441.85,456.14 438.35,438.26 432.22,431.89
             428.97,428.51 427.84,426.01 427.22,421.01
             426.71,417.51 424.59,405.50 422.59,394.50
             417.84,368.37 417.84,368.99 423.71,373.62
             426.21,375.74 430.22,379.37 432.59,381.75 Z
           M 197.60,374.49
           C 197.60,377.24 191.47,386.37 186.72,390.62
             174.09,402.13 166.83,410.13 157.95,422.63
             149.08,434.89 140.07,451.14 140.07,454.77
             140.07,460.27 132.44,451.52 128.94,442.01
             127.06,437.01 126.31,432.14 126.31,424.63
             126.31,424.63 126.31,414.13 126.31,414.13
             126.31,414.13 133.69,407.25 133.69,407.25
             147.57,394.50 165.33,384.25 186.34,377.12
             196.22,373.74 197.60,373.49 197.60,374.49 Z
           M 879.19,380.62
           C 879.19,380.87 875.57,383.25 870.94,385.87
             866.44,388.50 859.56,393.87 855.68,397.75
             855.68,397.75 848.43,404.88 848.43,404.88
             848.43,404.88 786.65,413.13 786.65,413.13
             752.63,417.76 716.61,422.63 706.61,423.88
             673.34,428.38 586.17,440.01 562.16,443.26
             549.15,445.02 521.51,448.77 500.88,451.39
             480.24,454.14 461.48,456.77 459.36,457.14
             457.11,457.52 455.23,457.64 455.23,457.27
             455.23,457.02 456.35,454.14 457.73,451.14
             460.11,445.64 460.48,445.39 466.74,444.64
             470.36,444.14 496.75,440.14 525.26,435.64
             568.91,428.76 637.57,418.13 684.72,410.75
             690.97,409.88 721.61,405.00 752.88,400.13
             784.14,395.25 814.91,390.50 821.04,389.50
             866.56,382.50 874.94,381.25 876.07,380.74
             877.82,380.12 879.19,379.99 879.19,380.62 Z
           M 246.37,398.63
           C 264.76,403.13 282.27,405.13 306.15,405.13
             318.66,405.25 328.92,405.63 328.79,406.13
             328.79,406.63 324.54,410.25 319.41,414.26
             314.28,418.26 307.65,424.76 304.78,428.89
             299.90,435.64 298.53,436.64 287.64,441.51
             262.01,452.89 228.87,462.27 203.60,465.27
             191.10,466.65 169.71,466.52 168.08,464.90
             167.08,463.77 176.96,447.02 186.72,433.26
             195.85,420.38 209.23,404.88 217.23,397.88
             217.23,397.88 224.36,391.75 224.36,391.75
             224.36,391.75 229.99,393.87 229.99,393.87
             233.12,395.12 240.50,397.25 246.37,398.63 Z
           M 194.85,407.25
           C 180.72,422.13 168.96,442.51 164.21,460.65
             162.96,465.27 161.21,469.15 160.08,469.65
             157.95,470.40 137.44,470.52 136.69,469.65
             135.82,468.77 146.20,448.89 152.33,439.51
             163.83,422.26 181.22,406.63 194.97,401.25
             198.22,400.00 201.23,399.00 201.85,398.88
             202.48,398.88 199.35,402.63 194.85,407.25 Z
           M 390.82,411.88
           C 390.82,411.88 398.33,415.51 398.33,415.51
             398.33,415.51 390.20,417.01 390.20,417.01
             372.94,420.38 359.06,427.01 347.68,437.26
             347.68,437.26 341.05,443.14 341.05,443.14
             341.05,443.14 336.67,440.51 336.67,440.51
             334.17,439.14 331.92,437.39 331.67,436.64
             331.42,435.89 337.04,429.01 344.17,421.38
             344.17,421.38 357.05,407.38 357.05,407.38
             357.05,407.38 370.19,407.88 370.19,407.88
             381.32,408.38 384.44,409.00 390.82,411.88 Z
           M 416.46,428.51
           C 416.46,428.51 424.59,432.14 424.59,432.14
             424.59,432.14 412.58,433.01 412.58,433.01
             398.70,433.89 385.44,436.39 369.81,441.01
             359.56,444.01 358.68,444.14 356.80,442.26
             355.68,441.14 354.93,440.01 355.30,439.76
             358.56,437.14 369.94,431.14 376.44,428.63
             380.94,426.88 385.44,425.13 386.44,424.63
             387.45,424.26 392.82,424.13 398.33,424.38
             406.08,424.76 410.21,425.63 416.46,428.51 Z
           M 662.71,442.89
           C 630.07,494.41 579.54,546.05 524.01,584.81
             503.50,599.19 462.11,623.82 460.86,622.45
             460.48,622.20 464.11,619.70 468.74,617.07
             514.76,590.19 567.91,547.05 603.30,507.78
             624.44,484.40 641.32,462.65 652.20,444.39
             656.08,437.89 657.21,436.89 661.33,436.39
             663.83,436.01 666.21,435.76 666.46,436.01
             666.71,436.14 664.96,439.26 662.71,442.89 Z
           M 430.09,438.39
           C 432.97,440.51 433.34,444.89 430.97,450.39
             430.34,451.77 430.59,452.39 432.22,452.27
             433.47,452.14 434.72,453.39 435.47,455.39
             437.10,460.27 433.84,466.52 427.72,470.02
             421.96,473.15 422.09,473.27 424.59,467.27
             426.59,462.40 427.09,457.64 425.59,457.64
             424.96,457.64 423.59,460.27 422.21,463.40
             419.59,469.90 413.58,474.52 405.95,475.90
             405.95,475.90 401.08,476.78 401.08,476.78
             401.08,476.78 404.33,472.40 404.33,472.40
             408.33,467.15 411.46,459.89 411.33,456.14
             411.33,456.14 411.33,453.27 411.33,453.27
             411.33,453.27 410.08,456.27 410.08,456.27
             406.83,464.52 399.83,470.02 390.57,471.77
             385.57,472.77 385.57,472.40 389.57,467.15
             391.32,464.90 393.07,461.27 393.45,459.02
             393.45,459.02 394.32,454.89 394.32,454.89
             394.32,454.89 388.20,461.40 388.20,461.40
             384.82,465.02 379.82,469.02 377.06,470.27
             372.19,472.52 362.31,473.40 358.31,471.90
             356.55,471.15 356.55,470.90 358.68,469.40
             360.06,468.40 363.18,464.90 365.56,461.65
             365.56,461.65 369.94,455.52 369.94,455.52
             369.94,455.52 366.18,453.39 366.18,453.39
             364.18,452.14 362.81,450.52 363.06,449.77
             364.43,445.64 398.58,438.26 424.59,436.51
             425.96,436.51 428.47,437.26 430.09,438.39 Z
           M 584.04,490.53
           C 556.16,518.29 519.01,554.67 501.50,571.43
             483.99,588.31 458.73,612.69 445.60,625.70
             432.34,638.83 421.21,649.20 420.96,648.83
             418.84,646.70 431.97,612.69 445.22,586.06
             462.23,552.17 466.36,545.17 469.36,545.17
             471.49,545.17 474.36,541.92 480.99,532.17
             488.37,521.41 489.50,519.04 488.00,518.04
             486.37,517.04 489.75,511.41 507.01,485.65
             518.64,468.52 528.52,454.02 529.14,453.27
             530.14,452.27 620.69,440.76 631.57,440.26
             634.07,440.14 624.06,450.77 584.04,490.53 Z
           M 300.15,449.14
           C 300.15,449.14 300.03,454.52 300.03,454.52
             300.03,454.52 291.65,458.27 291.65,458.27
             280.27,463.27 258.88,476.40 248.88,484.40
             248.88,484.40 240.75,490.90 240.75,490.90
             240.75,490.90 232.99,489.90 232.99,489.90
             216.61,487.78 186.34,478.03 186.34,474.77
             186.34,474.27 189.60,473.90 193.60,473.90
             215.11,473.90 256.75,463.02 285.14,450.14
             292.40,446.77 298.65,444.01 299.28,444.01
             299.78,443.89 300.15,446.27 300.15,449.14 Z
           M 641.07,452.27
           C 624.69,484.78 564.66,543.80 504.38,586.56
             493.50,594.31 482.49,602.19 479.87,604.32
             471.49,610.82 473.74,607.19 482.49,600.06
             502.38,583.81 540.02,549.17 560.28,528.42
             606.81,480.65 643.45,443.89 644.32,443.89
             644.95,443.89 643.45,447.64 641.07,452.27 Z
           M 327.79,452.14
           C 333.67,453.52 337.04,454.89 338.30,456.77
             340.17,459.52 340.05,459.52 328.92,461.77
             322.79,462.90 313.91,465.40 309.28,467.15
             304.53,468.90 299.65,470.65 298.28,471.02
             296.90,471.52 300.53,467.02 306.40,461.02
             312.28,455.02 317.53,450.14 318.04,450.14
             318.54,450.14 322.91,451.02 327.79,452.14 Z
           M 518.76,454.89
           C 517.89,457.02 479.62,512.66 478.99,512.66
             478.62,512.66 476.24,510.66 473.74,508.29
             473.74,508.29 469.11,503.91 469.11,503.91
             469.11,503.91 486.62,479.90 486.62,479.90
             503.00,457.27 504.38,455.77 508.76,455.02
             515.88,453.89 519.26,453.77 518.76,454.89 Z
           M 486.49,458.27
           C 486.49,458.52 482.37,464.27 477.37,471.02
             472.36,477.78 466.99,485.15 465.36,487.28
             461.98,492.28 460.23,492.53 460.23,487.90
             460.23,486.03 459.36,479.53 458.23,473.40
             457.23,467.40 456.60,462.15 456.86,461.90
             457.48,461.27 479.12,458.02 483.74,457.77
             485.24,457.64 486.49,457.89 486.49,458.27 Z
           M 293.15,469.27
           C 293.15,469.27 287.14,474.77 287.14,474.77
             287.14,474.77 305.40,480.65 305.40,480.65
             315.53,483.78 324.04,486.40 324.54,486.40
             324.91,486.40 326.79,484.90 328.67,483.15
             334.29,477.78 340.55,474.15 345.80,473.40
             351.18,472.65 351.43,472.27 342.17,478.28
             340.05,479.78 335.79,484.03 332.79,487.78
             332.79,487.78 327.29,494.66 327.29,494.66
             327.29,494.66 316.53,489.28 316.53,489.28
             310.53,486.28 300.28,482.40 293.40,480.78
             286.52,479.03 280.77,477.40 280.52,477.15
             280.02,476.65 298.15,462.77 298.65,463.27
             298.90,463.52 296.40,466.15 293.15,469.27 Z
           M 180.72,482.90
           C 189.85,487.53 200.98,491.40 212.48,494.03
             212.48,494.03 219.24,495.53 219.24,495.53
             219.24,495.53 214.48,497.91 214.48,497.91
             208.86,500.78 206.60,500.53 188.22,494.41
             174.84,490.03 158.70,483.03 154.70,479.90
             152.70,478.40 153.58,478.15 162.21,478.40
             170.71,478.53 173.09,479.03 180.72,482.90 Z
           M 132.07,498.28
           C 131.57,496.16 130.94,493.41 130.57,492.03
             130.07,490.65 134.94,494.53 141.32,500.78
             152.95,512.16 153.70,512.29 149.33,501.53
             146.70,495.28 146.95,495.28 154.20,502.28
             160.33,508.29 176.34,519.29 177.34,518.29
             177.59,518.04 176.71,516.16 175.21,514.04
             172.46,510.29 168.46,500.16 169.59,500.16
             169.96,500.16 172.59,501.53 175.46,503.16
             183.72,508.03 197.47,512.04 223.86,517.54
             258.26,524.67 275.51,530.92 290.77,541.42
             303.78,550.55 316.16,566.30 319.66,578.68
             320.79,582.31 321.91,585.06 322.29,584.68
             323.66,583.31 319.79,561.55 316.53,551.80
             312.41,539.79 303.90,525.67 295.77,517.29
             292.65,514.04 290.52,511.41 291.27,511.41
             294.02,511.41 307.03,517.91 312.91,522.29
             320.16,527.54 329.54,539.67 330.79,545.17
             331.29,547.17 332.17,549.30 332.92,549.67
             335.42,551.30 333.04,530.17 329.79,521.04
             326.04,510.91 328.29,512.04 333.79,523.29
             343.05,542.05 343.80,566.68 336.29,605.19
             329.67,638.83 316.91,665.71 299.53,682.71
             299.53,682.71 292.52,689.59 292.52,689.59
             292.52,689.59 293.52,683.97 293.52,683.97
             294.02,680.84 294.52,670.46 294.40,660.83
             294.27,639.95 291.52,629.20 280.77,606.69
             274.64,594.06 259.63,570.30 256.38,568.30
             255.63,567.93 255.13,566.93 255.13,566.30
             255.13,565.68 258.38,566.93 262.38,569.05
             282.27,580.06 294.65,592.19 304.65,610.44
             308.41,617.32 308.91,617.69 308.28,613.94
             306.15,602.69 293.40,583.68 281.27,573.81
             252.75,550.55 206.10,531.42 151.70,520.54
             151.70,520.54 134.07,517.16 134.07,517.16
             134.07,517.16 127.06,502.66 127.06,502.66
             127.06,502.66 120.06,488.28 120.06,488.28
             120.06,488.28 126.44,495.16 126.44,495.16
             132.44,501.66 132.82,501.78 132.07,498.28 Z
           M 458.73,544.55
           C 459.11,544.80 457.86,547.30 456.10,549.92
             444.35,567.80 427.72,608.32 415.83,648.45
             412.71,658.96 410.21,664.46 405.45,671.59
             401.95,676.71 396.07,686.72 392.20,693.97
             388.32,701.22 385.19,706.47 385.19,705.72
             385.19,703.35 395.07,670.21 400.95,652.71
             411.46,621.95 433.34,568.68 444.22,547.17
             446.60,542.42 446.72,542.42 452.48,543.17
             455.60,543.55 458.48,544.17 458.73,544.55 Z
           M 220.36,552.30
           C 239.50,563.80 256.63,580.68 267.63,598.94
             273.14,607.94 280.64,624.45 282.14,630.70
             282.14,630.70 283.02,634.32 283.02,634.32
             283.02,634.32 278.14,630.95 278.14,630.95
             273.01,627.45 259.38,622.70 254.63,622.70
             252.13,622.70 251.75,621.70 250.38,612.69
             248.88,602.31 243.00,586.31 238.62,580.81
             237.24,579.06 236.37,577.31 236.74,576.93
             237.49,576.18 255.25,596.06 259.63,602.69
             264.88,610.57 264.63,608.57 259.01,598.19
             249.00,579.81 231.62,561.18 215.23,551.42
             206.73,546.30 203.98,544.05 208.61,545.67
             209.73,546.17 215.11,549.17 220.36,552.30 Z" />
</svg>
