<?xml version="1.0" encoding="UTF-8" standalone="no"?>
<!DOCTYPE svg PUBLIC "-//W3C//DTD SVG 20010904//EN"
              "http://www.w3.org/TR/2001/REC-SVG-20010904/DTD/svg10.dtd">

<svg xmlns="http://www.w3.org/2000/svg"
     width="6.46667in" height="6.46667in"
     viewBox="0 0 582 582">
  <path id="Imported Path"
        fill="none" stroke="black" stroke-width="1"
        d="M 573.30,233.57
           C 570.29,234.40 568.07,237.86 569.11,240.95
             569.45,241.96 569.71,242.97 569.89,244.01
             570.01,245.40 570.01,246.78 569.88,248.16
             569.60,249.76 569.16,251.32 568.58,252.84
             568.08,253.94 567.50,255.01 566.84,256.02
             566.64,256.33 566.43,256.64 566.21,256.95
             566.16,257.01 566.10,257.10 566.02,257.20
             565.64,257.66 565.25,258.11 564.83,258.54
             564.31,259.07 563.77,259.60 563.20,260.08
             563.09,260.18 562.97,260.28 562.85,260.38
             562.70,260.49 562.54,260.61 562.43,260.69
             561.32,261.44 560.17,262.09 558.96,262.65
             557.30,263.28 555.58,263.74 553.83,264.04
             551.79,264.25 549.74,264.24 547.70,264.03
             545.52,263.67 543.39,263.09 541.33,262.28
             539.70,261.54 538.12,260.65 536.65,259.61
             536.48,259.49 536.31,259.36 536.14,259.24
             535.87,259.02 535.60,258.80 535.34,258.57
             535.91,258.25 536.48,257.91 537.03,257.55
             541.88,254.40 546.28,249.95 548.56,244.57
             549.98,241.22 550.95,237.94 551.14,234.28
             551.30,231.25 550.94,227.94 549.76,225.12
             548.50,222.14 546.95,219.32 544.43,217.20
             542.03,215.17 539.35,213.52 536.27,212.71
             530.23,211.12 523.55,212.61 519.21,217.27
             515.16,221.60 513.36,227.31 512.94,233.14
             512.55,238.49 513.46,244.16 515.25,249.21
             515.32,249.40 515.39,249.60 515.46,249.79
             514.65,249.56 513.84,249.30 513.06,249.00
             511.92,248.48 510.83,247.89 509.78,247.21
             509.43,246.97 509.08,246.74 508.73,246.49
             508.51,246.31 507.72,245.67 507.48,245.45
             506.90,244.91 506.34,244.36 505.82,243.77
             505.59,243.52 504.91,242.65 504.77,242.49
             504.70,242.40 504.64,242.31 504.58,242.22
             503.42,239.74 502.78,237.09 502.50,234.30
             502.40,233.28 502.62,232.89 503.67,232.60
             509.95,230.89 513.70,225.25 512.98,218.95
             512.01,210.55 505.21,204.66 496.73,204.75
             494.28,204.78 491.84,205.17 489.39,205.36
             489.04,205.38 488.62,205.26 488.33,205.06
             486.41,203.70 484.59,202.16 482.58,200.94
             475.42,196.61 468.13,192.48 461.02,188.06
             454.36,183.92 447.92,179.44 441.28,175.25
             430.41,168.40 419.00,162.64 406.81,158.45
             395.76,154.66 384.41,152.37 372.77,151.55
             366.36,151.10 359.95,150.72 353.54,150.31
             346.63,149.86 339.73,149.32 332.81,148.97
             325.57,148.60 318.30,148.30 311.05,148.17
             301.25,147.99 291.45,147.98 281.65,147.94
             271.92,147.90 262.19,148.03 252.47,147.85
             242.94,147.68 233.42,147.22 223.90,146.88
             223.24,146.86 222.58,146.76 221.92,146.70
             221.92,146.70 214.92,146.70 214.92,146.70
             214.46,146.76 214.00,146.85 213.55,146.88
             210.19,147.10 206.84,147.25 203.49,147.52
             197.49,148.01 191.60,149.17 185.77,150.65
             177.40,152.77 169.28,155.66 161.28,158.88
             149.39,163.67 137.82,169.15 126.35,174.87
             121.54,177.27 116.79,179.81 111.93,182.14
             105.59,185.18 99.13,187.97 92.80,191.05
             80.99,196.82 69.68,203.42 58.97,211.06
             53.46,214.98 48.17,219.17 43.23,223.77
             41.16,225.70 39.21,227.74 37.20,229.73
             36.66,230.26 36.15,230.73 35.23,230.53
             29.75,229.33 24.30,228.00 19.17,225.67
             18.15,225.20 17.24,224.40 16.40,223.63
             15.58,222.87 15.00,221.83 14.15,221.11
             12.77,219.93 11.37,218.69 9.79,217.86
             7.67,216.76 5.44,217.79 4.62,220.03
             4.27,221.02 4.08,222.09 4.00,223.13
             3.90,224.54 3.98,225.97 3.98,227.42
             3.73,227.40 3.47,227.37 3.20,227.36
             1.11,227.34 -0.14,228.56 0.01,230.66
             0.09,231.66 0.37,232.68 0.74,233.64
             1.79,236.41 3.43,238.87 5.50,240.94
             8.74,244.18 11.43,247.83 14.04,251.56
             14.86,252.73 15.86,253.78 16.89,254.76
             19.87,257.60 23.55,259.07 27.52,259.85
             29.23,260.18 30.96,260.47 31.95,262.14
             32.14,262.46 32.21,262.89 32.20,263.27
             32.18,264.50 31.91,265.75 32.07,266.95
             32.44,269.77 32.95,272.59 33.53,275.38
             34.53,280.25 35.91,285.06 36.05,290.07
             36.14,293.43 35.75,296.67 33.47,299.35
             32.53,300.46 31.48,301.49 29.87,301.63
             27.15,301.85 25.55,303.30 25.15,306.02
             25.05,306.67 24.69,306.96 23.98,306.92
             22.24,306.84 20.83,307.48 19.77,308.92
             19.06,309.90 18.03,310.40 16.82,310.29
             15.37,310.16 13.93,309.91 12.49,309.70
             9.15,309.22 8.88,310.63 9.54,313.14
             10.22,315.74 11.11,318.28 11.84,320.86
             12.07,321.66 12.19,322.53 12.19,323.38
             12.23,326.10 11.97,328.84 12.22,331.55
             12.70,336.69 15.64,340.15 21.27,339.85
             22.60,339.77 23.71,340.09 24.80,340.82
             26.54,342.01 28.20,343.25 29.15,345.29
             28.42,345.88 27.68,346.44 26.98,347.04
             25.90,347.96 25.75,349.06 26.71,350.07
             29.29,352.78 32.42,354.49 36.19,354.84
             38.97,355.11 41.70,354.61 44.42,354.14
             49.03,353.36 53.65,353.20 58.13,354.72
             66.32,357.50 74.67,359.33 83.33,359.75
             87.57,359.97 91.79,359.75 95.98,359.18
             101.80,358.40 107.40,356.81 112.69,354.22
             115.41,352.88 118.25,352.70 121.00,353.81
             123.51,354.82 125.87,356.20 128.26,357.49
             131.16,359.05 134.07,360.23 137.47,359.26
             139.39,358.71 140.13,359.10 141.32,360.82
             143.82,364.42 144.44,368.53 144.55,372.76
             144.63,375.89 144.46,379.03 144.59,382.16
             144.72,385.04 145.09,387.91 145.37,390.79
             145.43,391.43 145.72,392.13 145.56,392.71
             144.26,397.46 142.96,402.23 141.50,406.94
             140.33,410.70 138.49,414.05 135.25,416.56
             134.04,417.50 133.10,418.90 132.33,420.26
             131.72,421.33 131.18,422.46 130.62,423.56
             128.92,426.90 126.97,430.04 124.18,432.94
             125.35,433.48 126.35,434.12 127.44,434.40
             134.11,436.12 140.59,435.33 146.73,432.38
             148.56,431.51 150.11,431.04 152.08,431.72
             153.51,432.21 154.84,431.67 155.70,430.31
             156.06,429.72 156.51,429.14 156.72,428.49
             157.30,426.75 157.87,424.99 158.28,423.19
             159.08,419.67 159.80,416.13 160.48,412.59
             161.52,407.18 162.96,401.94 165.86,397.17
             167.44,394.57 168.92,391.89 169.61,388.87
             169.88,387.68 170.05,386.48 170.27,385.27
             170.43,385.25 170.56,385.22 170.69,385.24
             173.15,385.48 174.72,386.90 175.52,389.12
             176.17,390.93 176.63,392.80 177.15,394.64
             178.02,397.67 179.26,400.43 181.87,402.42
             183.07,403.34 184.31,404.33 185.17,405.54
             188.46,410.25 192.80,413.13 198.53,413.85
             198.79,413.88 199.04,414.12 199.28,414.29
             200.02,414.80 200.69,415.41 201.48,415.82
             204.71,417.52 207.96,419.17 211.22,420.80
             211.45,420.91 211.97,420.80 212.12,420.62
             212.69,419.89 213.33,419.15 213.64,418.30
             215.51,413.09 214.49,408.29 211.20,403.96
             210.35,402.84 209.10,402.02 207.96,400.99
             208.32,400.83 208.71,400.59 209.14,400.46
             210.19,400.15 211.28,399.96 212.31,399.60
             213.73,399.12 214.14,398.16 213.52,396.80
             212.52,394.60 210.76,393.16 208.55,392.31
             207.11,391.74 205.58,391.38 204.12,390.85
             203.74,390.71 203.41,390.33 203.16,389.99
             202.31,388.86 201.66,387.54 200.65,386.58
             199.49,385.47 198.04,384.66 196.71,383.72
             195.97,383.18 195.38,382.57 195.28,381.56
             195.00,378.63 196.09,376.36 198.53,374.75
             199.95,373.82 201.38,372.91 202.84,372.05
             206.51,369.87 209.59,367.12 211.72,363.37
             212.58,361.86 213.80,360.69 215.40,359.98
             220.92,357.50 225.67,353.88 230.13,349.87
             230.81,349.27 231.43,348.65 232.38,348.49
             233.91,348.24 235.43,347.85 236.98,347.68
             242.90,347.04 248.82,347.35 254.73,347.91
             259.06,348.33 263.38,348.91 267.70,349.43
             273.34,350.11 278.97,350.86 284.62,351.46
             289.61,352.00 294.61,352.49 299.62,352.80
             305.67,353.17 311.73,353.18 317.79,352.67
             322.73,352.25 327.62,351.59 332.42,350.31
             341.65,347.85 350.98,346.09 360.54,345.59
             367.59,345.23 374.57,345.56 381.48,347.05
             384.63,347.74 387.73,348.61 390.49,350.37
             391.03,350.71 391.29,351.11 391.36,351.80
             391.79,356.03 392.21,360.27 392.80,364.47
             393.54,369.78 394.42,375.07 394.11,380.45
             393.95,383.19 393.32,385.82 391.93,388.24
             387.91,395.27 383.87,402.30 379.94,409.38
             378.07,412.74 376.32,416.18 375.62,420.03
             375.52,420.58 375.64,421.21 375.40,421.68
             374.14,424.20 372.85,426.71 371.47,429.16
             370.78,430.39 369.88,431.49 368.98,432.77
             372.03,433.25 374.89,433.76 377.78,434.13
             381.68,434.63 385.60,434.89 389.49,434.01
             392.97,433.23 395.80,431.57 397.14,428.03
             397.17,427.96 397.29,427.91 397.31,427.90
             397.97,428.36 398.55,428.86 399.21,429.22
             401.02,430.18 404.07,429.26 403.89,426.41
             403.78,424.57 404.07,422.69 404.25,420.84
             404.72,415.95 405.91,411.24 407.79,406.71
             411.14,398.64 416.55,392.09 422.85,386.20
             423.52,385.57 424.47,385.15 425.36,384.84
             426.99,384.28 428.67,383.89 430.32,383.42
             432.21,382.88 433.72,381.83 434.51,380.00
             435.36,378.00 436.24,375.98 436.80,373.88
             437.32,371.95 437.45,369.91 437.75,367.91
             439.99,367.66 442.98,368.93 444.26,370.82
             445.07,371.99 445.66,373.32 446.50,374.46
             447.51,375.84 448.69,377.10 449.79,378.41
             450.50,379.26 451.40,380.02 451.88,380.99
             454.17,385.58 454.52,390.62 454.87,395.62
             455.07,398.70 454.88,401.82 454.91,404.91
             454.94,408.54 454.94,412.18 455.15,415.80
             455.23,417.19 455.01,418.44 454.38,419.60
             452.98,422.16 451.50,424.69 450.04,427.21
             448.88,429.21 449.05,429.63 451.36,430.01
             457.01,430.95 462.64,430.71 468.15,429.17
             471.81,428.15 475.15,426.55 476.55,422.59
             477.25,422.87 477.90,423.20 478.60,423.40
             480.23,423.87 481.24,423.17 481.46,421.49
             481.74,419.35 481.25,417.31 480.43,415.37
             477.67,408.81 475.18,402.18 474.35,395.05
             473.94,391.52 474.04,388.02 474.96,384.56
             475.79,381.45 477.46,378.78 479.19,376.14
             480.00,374.91 480.81,373.61 480.41,372.06
             480.22,371.34 480.41,370.90 480.80,370.36
             482.53,367.93 483.51,365.22 482.59,362.29
             481.91,360.10 480.85,357.99 479.76,355.97
             477.91,352.54 476.01,349.15 475.37,345.25
             475.28,344.66 475.25,343.92 475.53,343.44
             479.40,336.86 483.34,330.31 487.25,323.75
             490.56,318.18 493.88,312.59 495.79,306.36
             497.68,300.22 499.19,293.96 501.01,287.79
             503.82,278.23 505.18,268.48 505.41,258.56
             507.55,259.74 509.81,260.67 512.15,261.32
             515.48,262.24 518.96,262.58 522.41,262.35
             523.01,263.10 523.64,263.83 524.30,264.54
             528.39,268.95 533.51,272.26 539.19,274.23
             550.35,278.10 563.57,276.21 572.32,267.98
             580.29,260.50 584.24,248.29 580.69,237.74
             579.64,234.67 576.59,232.67 573.30,233.57 Z
           M 533.75,244.99
           C 533.27,245.44 532.79,245.87 532.29,246.28
             532.16,246.37 532.04,246.46 531.97,246.52
             531.64,246.75 531.31,246.98 530.98,247.19
             530.01,247.80 529.02,248.35 527.99,248.84
             527.80,248.47 527.63,248.09 527.46,247.72
             526.34,244.91 525.55,242.00 525.08,239.02
             524.84,236.82 524.79,234.62 525.01,232.42
             525.25,231.01 525.61,229.62 526.10,228.28
             526.34,227.78 526.60,227.28 526.90,226.81
             527.03,226.60 527.16,226.39 527.30,226.18
             527.38,226.09 527.46,226.00 527.52,225.94
             527.81,225.63 528.10,225.33 528.41,225.06
             528.79,224.80 529.18,224.58 529.59,224.37
             529.96,224.25 530.35,224.14 530.74,224.06
             531.23,224.04 531.72,224.04 532.21,224.07
             532.85,224.21 533.48,224.38 534.10,224.60
             534.63,224.86 535.14,225.14 535.63,225.46
             535.73,225.53 535.84,225.61 535.94,225.68
             536.16,225.86 536.36,226.04 536.56,226.24
             536.86,226.53 537.14,226.83 537.41,227.14
             537.78,227.69 538.10,228.25 538.38,228.83
             538.70,229.70 538.93,230.59 539.10,231.50
             539.20,232.67 539.19,233.84 539.08,235.00
             538.83,236.37 538.46,237.71 537.97,239.01
             537.39,240.26 536.71,241.46 535.92,242.58
             535.84,242.69 535.69,242.88 535.57,243.04
             535.44,243.19 535.32,243.34 535.19,243.48
             534.73,244.00 534.25,244.51 533.75,244.99 Z" />
</svg>
